28 - 4 32
67 - 19 49
64 - 50 6
47 - 13 19
10 - 3 0
29 - 27 6
14 - 13 26
55 - 56 29
9 - 62 12
39 - 34 27
58 - 34 22
16 - 1 6
58 - 56 7
85 - 91 19
26 - 37 23
35 - 10 31
4 - 10 20
5 - 1 24
65 - 19 0
29 - 26 48
68 - 16 14
46 - 47 39
2 - 29 36
14 - 21 36
47 - 13 42
4 - 16 40
63 - 64 40
10 - 59 24
22 - 33 27
68 - 8 25
46 - 43 41
57 - 69 45
54 - 2 21
34 - 22 22
80 - 53 22
27 - 2 13
56 - 32 13
62 - 20 8
8 - 4 45
16 - 14 4
65 - 11 26
52 - 25 44
56 - 57 17
29 - 79 17
55 - 94 13
10 - 6 46
36 - 13 24
41 - 47 41
75 - 10 19
51 - 63 27
19 - 20 22
59 - 5 11
26 - 28 19
69 - 68 2
98 - 28 35
20 - 45 23
31 - 51 9
37 - 10 18
1 - 52 23
47 - 29 42
53 - 8 45
22 - 10 26
29 - 52 35
1 - 13 31
18 - 65 18
7 - 53 17
7 - 4 45
16 - 29 49
56 - 81 9
23 - 11 38
12 - 10 37
28 - 3 46
7 - 67 12
9 - 3 0
36 - 30 37
25 - 23 5
72 - 69 12
27 - 10 19
89 - 14 24
71 - 38 48
93 - 81 16
51 - 1 36
13 - 29 35
19 - 38 10
65 - 56 6
84 - 56 42
7 - 43 32
27 - 2 46
3 - 68 5
99 - 38 47
24 - 21 13
26 - 42 3
11 - 82 48
12 - 31 30
22 - 69 4
1 - 8 34
1 - 54 31
53 - 10 43
29 - 9 27
34 - 29 29
92 - 42 12
89 - 40 50
3 - 55 16
26 - 78 8
34 - 27 24
79 - 14 36
46 - 7 12
15 - 23 30
78 - 28 8
19 - 13 42
80 - 75 19
29 - 54 19
12 - 15 9
89 - 19 40
68 - 94 15
35 - 29 7
3 - 4 46
16 - 24 11
5 - 4 30
23 - 16 34
24 - 38 13
26 - 2 18
38 - 67 29
81 - 53 15
53 - 50 22
26 - 41 39
32 - 37 40
9 - 32 38
64 - 52 48
30 - 10 32
45 - 38 23
75 - 68 23
63 - 88 37
68 - 93 50
32 - 56 2
64 - 9 36
57 - 54 45
27 - 89 26
48 - 5 31
15 - 16 18
1 - 78 11
2 - 53 17
64 - 89 10
62 - 59 41
1 - 51 15
62 - 16 23
8 - 20 41
83 - 77 49
58 - 52 26
16 - 5 31
20 - 7 1
58 - 10 39
34 - 37 50
18 - 68 34
7 - 10 31
33 - 2 42
27 - 10 19
21 - 1 35
7 - 35 17
53 - 91 10
1 - 4 9
1 - 7 1
80 - 49 37
77 - 15 9
47 - 38 50
50 - 24 36
11 - 26 1
63 - 21 17
5 - 1 26
34 - 9 49
65 - 19 38
6 - 4 8
1 - 7 20
77 - 34 43
51 - 52 37
52 - 58 42
2 - 75 36
6 - 31 6
44 - 46 32
71 - 16 11
17 - 15 22
5 - 6 26
43 - 40 25
56 - 57 24
7 - 59 24
4 - 31 12
19 - 68 25
47 - 34 11
9 - 50 50
45 - 16 48
44 - 90 38
5 - 14 50
53 - 52 20
62 - 18 35
50 - 19 5
62 - 53 40
67 - 3 20
14 - 1 9
1 - 13 12
96 - 84 1
29 - 3 25
29 - 30 27
4 - 17 44
8 - 9 42
34 - 47 34
59 - 53 35
52 - 77 34
26 - 89 40
41 - 37 11
86 - 81 0
77 - 3 19
57 - 76 23
6 - 35 10
32 - 77 6
43 - 38 41
21 - 15 30
65 - 16 34
92 - 9 22
73 - 65 3
22 - 9 1
32 - 35 36
7 - 44 32
68 - 12 46
95 - 47 25
56 - 57 15
19 - 44 43
52 - 55 11
32 - 65 23
4 - 27 40
9 - 69 37
29 - 13 7
98 - 65 13
22 - 23 2
96 - 71 23
3 - 31 49
65 - 53 30
15 - 14 14
79 - 44 11
20 - 23 46
44 - 41 2
10 - 4 46
35 - 30 11
58 - 77 15
63 - 2 7
34 - 10 22
69 - 14 37
13 - 26 38
3 - 18 12
29 - 16 36
26 - 62 47
73 - 58 28
31 - 22 14
46 - 49 6
57 - 8 27
71 - 90 45
27 - 4 8
55 - 61 35
12 - 3 19
16 - 62 0
52 - 4 4
78 - 77 36
68 - 54 46
22 - 24 33
75 - 26 40
78 - 58 33
50 - 78 32
55 - 52 42
38 - 30 34
54 - 32 39
36 - 40 13
39 - 13 15
52 - 26 3
15 - 35 12
16 - 29 43
29 - 31 38
62 - 4 35
50 - 62 26
22 - 13 0
36 - 14 11
19 - 71 40
18 - 7 19
22 - 18 26
13 - 40 33
2 - 4 31
22 - 4 4
94 - 96 0
26 - 75 35
19 - 32 32
50 - 51 42
5 - 60 32
64 - 62 0
53 - 29 44
60 - 71 30
35 - 31 38
89 - 62 4
53 - 7 28
59 - 7 10
29 - 44 42
83 - 98 11
23 - 41 16
23 - 16 28
9 - 1 14
43 - 76 48
25 - 71 32
7 - 10 48
39 - 94 12
9 - 83 37
20 - 70 50
11 - 8 38
18 - 6 11
1 - 13 22
56 - 58 34
7 - 56 14
15 - 17 30
86 - 95 31
10 - 9 2
19 - 11 29
27 - 44 50
9 - 61 31
13 - 4 7
44 - 47 21
73 - 95 18
94 - 68 43
15 - 8 36
41 - 47 10
23 - 20 16
93 - 96 12
47 - 96 37
62 - 53 12
22 - 19 43
44 - 81 12
15 - 39 33
51 - 63 32
7 - 5 1
24 - 10 30
72 - 24 17
13 - 11 46
75 - 31 5
4 - 36 12
36 - 19 23
19 - 13 20
41 - 28 26
4 - 53 9
22 - 20 35
70 - 3 24
84 - 53 47
99 - 74 14
67 - 19 42
82 - 35 12
22 - 21 45
92 - 7 9
29 - 56 25
5 - 11 33
32 - 76 12
75 - 78 41
52 - 63 29
77 - 29 28
21 - 15 9
32 - 44 7
9 - 44 47
40 - 13 36
1 - 4 39
60 - 59 2
51 - 63 33
4 - 32 13
43 - 64 21
93 - 98 44
19 - 12 21
33 - 30 9
34 - 32 25
54 - 51 20
89 - 98 1
9 - 1 27
50 - 60 36
24 - 68 15
77 - 75 3
40 - 4 21
15 - 78 46
12 - 4 12
7 - 30 10
90 - 79 16
19 - 46 26
42 - 28 33
67 - 18 21
12 - 10 31
16 - 51 45
14 - 42 3
16 - 62 28
13 - 21 39
28 - 7 44
7 - 81 46
76 - 63 30
68 - 59 18
90 - 87 47
5 - 7 4
54 - 79 28
41 - 43 46
57 - 82 48
4 - 50 2
13 - 14 28
94 - 32 3
54 - 17 30
41 - 62 40
4 - 65 37
22 - 2 11
85 - 36 0
11 - 72 37
53 - 84 4
1 - 51 39
68 - 13 16
28 - 81 3
2 - 38 32
69 - 63 25
33 - 84 29
38 - 18 3
74 - 66 44
36 - 35 0
2 - 10 0
93 - 44 44
60 - 71 37
26 - 44 44
24 - 71 0
1 - 7 11
53 - 6 23
52 - 73 42
4 - 1 47
19 - 14 18
36 - 86 36
2 - 56 50
7 - 14 12
81 - 32 48
83 - 3 38
35 - 37 8
65 - 78 11
43 - 24 11
24 - 23 3
20 - 13 4
1 - 30 33
53 - 4 32
52 - 53 7
71 - 22 38
4 - 51 4
24 - 46 24
34 - 46 8
41 - 53 20
52 - 76 6
54 - 17 40
63 - 95 10
40 - 22 0
96 - 76 15
20 - 13 48
4 - 53 13
58 - 94 27
9 - 36 22
41 - 9 19
24 - 12 24
28 - 26 16
14 - 3 46
2 - 14 17
61 - 7 49
40 - 46 28
26 - 7 17
15 - 53 41
91 - 78 50
72 - 63 30
91 - 5 38
94 - 32 41
2 - 78 34
43 - 78 14
31 - 28 3
29 - 4 14
26 - 28 20
15 - 39 14
46 - 34 20
93 - 19 18
56 - 68 3
63 - 53 13
55 - 53 49
59 - 75 20
89 - 43 18
21 - 15 21
64 - 50 38
46 - 37 7
20 - 68 37
65 - 27 9
15 - 16 35
37 - 81 40
96 - 22 32
33 - 75 50
32 - 83 17
5 - 56 49
70 - 62 45
75 - 43 38
41 - 38 23
50 - 51 42
33 - 45 7
26 - 1 44
9 - 34 2
59 - 60 23
4 - 29 37
71 - 60 32
75 - 51 18
38 - 19 27
4 - 3 6
62 - 23 40
59 - 35 47
20 - 36 29
1 - 21 46
78 - 38 48
40 - 28 50
76 - 78 48
84 - 34 5
45 - 12 16
75 - 26 0
59 - 4 1
59 - 82 10
33 - 8 35
93 - 83 8
20 - 51 31
6 - 4 5
89 - 75 30
22 - 13 30
9 - 13 47
38 - 93 34
7 - 84 42
36 - 72 29
64 - 62 46
10 - 4 16
41 - 47 43
26 - 5 15
26 - 98 5
55 - 53 14
90 - 41 40
35 - 65 39
27 - 39 45
14 - 20 14
27 - 2 18
30 - 5 11
71 - 62 20
2 - 27 35
41 - 63 39
54 - 53 48
4 - 35 6
71 - 75 32
49 - 59 13
56 - 75 29
65 - 53 30
21 - 7 23
50 - 51 33
62 - 93 42
69 - 7 19
37 - 86 31
68 - 56 44
63 - 51 21
3 - 12 5
22 - 20 13
39 - 38 32
32 - 91 42
40 - 82 0
35 - 7 7
50 - 7 48
41 - 27 43
62 - 4 15
4 - 2 19
43 - 29 23
41 - 98 37
35 - 59 27
93 - 76 33
58 - 9 35
23 - 38 21
31 - 16 2
57 - 50 18
34 - 84 14
8 - 50 11
13 - 25 43
92 - 65 1
47 - 41 33
45 - 62 14
71 - 73 26
62 - 58 16
61 - 50 19
1 - 62 45
18 - 25 16
56 - 34 47
37 - 12 38
62 - 18 7
25 - 13 38
50 - 7 3
26 - 75 10
14 - 6 46
2 - 13 38
87 - 41 35
43 - 22 37
35 - 37 7
81 - 34 25
12 - 29 45
1 - 32 17
3 - 4 9
26 - 81 23
62 - 16 34
76 - 81 8
31 - 29 24
68 - 65 26
62 - 52 7
46 - 32 25
71 - 16 7
27 - 6 20
12 - 81 25
20 - 8 5
74 - 6 25
98 - 88 24
78 - 59 16
75 - 51 40
31 - 78 32
34 - 45 32
27 - 29 22
41 - 22 12
66 - 90 45
5 - 65 16
30 - 19 38
68 - 94 31
48 - 37 16
53 - 50 12
59 - 13 48
38 - 40 17
18 - 19 33
36 - 47 7
3 - 47 50
57 - 51 46
93 - 75 9
27 - 36 31
74 - 60 6
74 - 63 30
69 - 35 12
7 - 9 38
57 - 11 42
7 - 69 18
21 - 26 48
52 - 6 47
63 - 93 39
83 - 65 9
52 - 89 27
1 - 2 50
82 - 22 33
3 - 9 46
12 - 1 47
21 - 22 11
53 - 54 1
59 - 78 14
66 - 17 44
81 - 75 18
13 - 65 44
19 - 22 24
82 - 94 45
32 - 6 36
44 - 10 10
6 - 24 24
13 - 12 48
56 - 68 50
90 - 15 30
29 - 78 5
56 - 50 9
89 - 90 2
87 - 46 21
19 - 68 14
16 - 17 32
40 - 3 37
61 - 59 29
22 - 21 21
1 - 39 45
28 - 29 12
14 - 22 27
12 - 37 8
64 - 83 14
51 - 27 8
31 - 38 20
42 - 41 5
40 - 88 7
23 - 47 39
22 - 19 29
96 - 63 4
26 - 34 17
41 - 32 8
1 - 27 7
16 - 18 24
75 - 26 15
35 - 32 32
14 - 62 47
50 - 64 18
75 - 76 21
27 - 2 46
87 - 38 31
81 - 26 14
9 - 34 12
39 - 26 43
76 - 68 41
52 - 71 40
2 - 1 40
1 - 38 39
42 - 19 9
2 - 5 7
1 - 27 43
39 - 22 8
31 - 77 4
52 - 71 25
50 - 55 28
2 - 27 20
56 - 1 31
85 - 53 49
34 - 58 11
10 - 36 30
29 - 77 13
81 - 43 18
16 - 63 23
16 - 65 31
1 - 51 11
32 - 11 1
38 - 29 7
29 - 21 45
13 - 68 21
45 - 82 41
13 - 9 2
9 - 13 33
11 - 8 20
39 - 33 34
13 - 56 28
31 - 7 33
34 - 46 46
52 - 39 9
28 - 77 37
7 - 8 26
4 - 27 49
52 - 53 50
1 - 50 48
41 - 88 11
92 - 65 47
2 - 14 46
62 - 73 18
32 - 62 47
10 - 22 8
37 - 6 14
37 - 3 39
76 - 50 27
57 - 53 7
51 - 7 16
1 - 3 41
56 - 83 13
40 - 47 38
4 - 3 22
93 - 96 4
40 - 38 41
58 - 34 21
43 - 19 26
39 - 74 11
2 - 79 13
67 - 55 49
32 - 44 27
38 - 2 28
68 - 81 41
62 - 16 43
56 - 79 6
79 - 5 42
35 - 39 48
53 - 77 22
3 - 59 1
24 - 47 0
6 - 27 41
53 - 8 24
10 - 15 29
4 - 27 13
15 - 50 19
79 - 32 17
91 - 37 45
85 - 19 17
67 - 56 7
1 - 53 20
93 - 19 14
66 - 11 22
84 - 76 41
33 - 11 45
68 - 14 5
55 - 53 32
87 - 26 50
4 - 80 9
65 - 7 15
21 - 78 30
40 - 27 5
29 - 78 46
75 - 76 24
30 - 75 25
26 - 95 28
7 - 16 7
53 - 84 41
53 - 62 17
34 - 12 7
84 - 68 9
12 - 77 7
35 - 27 26
2 - 38 35
29 - 48 39
4 - 6 20
12 - 73 18
60 - 5 47
53 - 56 36
78 - 40 28
1 - 14 13
77 - 4 18
84 - 55 24
71 - 69 0
17 - 99 22
5 - 38 1
63 - 65 40
81 - 83 21
59 - 8 15
83 - 34 42
86 - 56 7
22 - 72 5
42 - 44 20
1 - 50 26
4 - 6 20
16 - 4 29
67 - 55 11
83 - 52 40
12 - 10 1
44 - 96 11
29 - 39 35
83 - 84 34
2 - 4 27
2 - 7 5
93 - 28 40
56 - 68 19
7 - 68 15
97 - 33 12
38 - 41 34
32 - 14 23
36 - 2 42
13 - 18 48
81 - 75 16
89 - 78 36
87 - 45 44
40 - 64 10
53 - 68 20
16 - 52 4
19 - 7 5
52 - 76 29
51 - 60 50
42 - 16 17
2 - 17 40
32 - 35 28
32 - 29 14
30 - 50 7
91 - 92 9
7 - 59 8
35 - 28 43
38 - 19 47
48 - 46 40
69 - 88 25
89 - 62 34
31 - 35 42
53 - 27 7
50 - 58 38
79 - 29 5
10 - 13 44
7 - 22 35
7 - 4 0
65 - 39 1
3 - 13 34
89 - 16 23
52 - 53 11
11 - 30 36
32 - 19 41
65 - 17 12
81 - 84 48
40 - 28 43
84 - 26 5
76 - 85 6
7 - 2 42
15 - 62 0
75 - 14 27
7 - 51 35
28 - 35 33
3 - 77 4
41 - 47 9
90 - 4 41
38 - 1 28
84 - 52 27
5 - 51 3
28 - 3 42
7 - 32 26
32 - 7 0
66 - 77 15
84 - 45 15
4 - 53 34
58 - 50 28
3 - 15 21
44 - 30 48
45 - 89 34
13 - 32 25
4 - 37 23
1 - 31 47
57 - 68 2
77 - 43 40
81 - 79 38
4 - 35 22
6 - 64 4
37 - 29 37
1 - 62 38
50 - 42 34
41 - 16 34